COLLECT OSAP
AL Arts1 40 50 2 10 30 90 160 250 
SLC
ML Arts1 60 50 4 20 60 180 320 450 
TUITION
MKV
ECH Arts2 100 50 6 30 90 270 400 550
NEEDLES HALL
PAS Arts2 100 50 6 30 90 270 400 550
HH Arts2 120 50 8 40 100 300 450 550 
DC Tims Line
RCH Eng 140 100 10 50 150 450 625 750 
PAC
DWE Eng 140 100 10 50 150 450 625 750 
CPH Eng 160 100 12 60 180 500 700 900
UWP
LHI Health 180 100 14 70 200 550 750 950 
SLC
BMH Health 180 100 14 70 200 550 750 950
OPT Health 200 100 16 80 220 600 800 1000
Goose Nesting
EV1 Env 220 150 18 90 250 700 875 1050
NEEDLES HALL
EV2 Env 220 150 18 90 250 700 875 1050
EV3 Env 240 150 20 100 300 750 925 1100
V1
PHYS Sci1 260 150 22 110 330 800 975 1150
B1 Sci1 260 150 22 110 330 800 975 1150
CIF
B2 Sci1 280 150 24 120 360 850 1025 1200
GO TO TIMS
EIT Sci2 300 200 26 130 390 900 1100 1275
ESC Sci2 300 200 26 130 390 900 1100 1275 
SLC
C2 Sci2 320 200 28 150 450 1000 1200 1400
REV
NEEDLES HALL
MC Math 350 200 35 175 500 1100 1300 1500
COOP FEE
DC Math 400 200 50 200 600 1400 1700 2000 
